45
k= 0 c= 0 7.8152956254349455 [0]
t 0 7.8152956254349455 1
k= 0 c= 7.8152956254349455 8.786002731886162 [0, 7.8152956254349455]
k= 1 c= 0 7.154785374188022 [0, 7.8152956254349455]
h 1 7.154785374188022 2
k= 0 c= 7.154785374188022 8.1804651933651 [0, 7.8152956254349455, 7.154785374188022]
k= 1 c= 7.8152956254349455 11.796349416323242 [0, 7.8152956254349455, 7.154785374188022]
k= 2 c= 0 13.895879318726658 [0, 7.8152956254349455, 7.154785374188022]
u 2 13.895879318726658 3
k= 0 c= 13.895879318726658 7.79131366074846 [0, 7.8152956254349455, 7.154785374188022, 13.895879318726658]
k= 1 c= 7.154785374188022 11.88306586895883 [0, 7.8152956254349455, 7.154785374188022, 13.895879318726658]
k= 2 c= 7.8152956254349455 12.602510868699104 [0, 7.8152956254349455, 7.154785374188022, 13.895879318726658]
k= 3 c= 0 None [0, 7.8152956254349455, 7.154785374188022, 13.895879318726658]
m 3 19.037851243146854 2
k= 0 c= 19.037851243146854 7.984898409821125 [0, 7.8152956254349455, 7.154785374188022, 13.895879318726658, 19.037851243146854]
k= 1 c= 13.895879318726658 11.165615357588555 [0, 7.8152956254349455, 7.154785374188022, 13.895879318726658, 19.037851243146854]
k= 2 c= 7.154785374188022 13.255474521387438 [0, 7.8152956254349455, 7.154785374188022, 13.895879318726658, 19.037851243146854]
k= 3 c= 7.8152956254349455 None [0, 7.8152956254349455, 7.154785374188022, 13.895879318726658, 19.037851243146854]
k= 4 c= 0 10.738559122175387 [0, 7.8152956254349455, 7.154785374188022, 13.895879318726658, 19.037851243146854]
b 4 10.738559122175387 5